{
val_loss: 0.729
val_acc: 0.580
val_auc: 0.602
test_acc: 0.5173410404624278
test_auc: 0.5177759957230686
test_spec: 0.8103448275862069
test_sens: 0.22093023255813954
test_prec: 0.5352112676056338
test_0_count: 174
test_1_count: 172
}