{
val_loss: 1.529
val_acc: 0.589
val_auc: 0.541
test_acc: 0.47294938917975565
test_auc: 0.48662143992177
test_spec: 0.6148148148148148
test_sens: 0.3465346534653465
test_prec: 0.5023923444976076
test_0_count: 270
test_1_count: 303
}