{
val_loss: 1.998
val_acc: 0.542
val_auc: 0.532
test_acc: 0.5181518151815182
test_auc: 0.5034637127079045
test_spec: 0.5313531353135313
test_sens: 0.504950495049505
test_prec: 0.5186440677966102
test_0_count: 303
test_1_count: 303
}